13065739616218842939
14533412466443255044
11457186473239707830
10114786477660238564
13380709645679898169
16072265775068074557
2332702856846636704
2809626304229674110
17947115373770557461
4157141785490109952
162762684696580681
8512570304079156881
14131095620227682831
10168998432693202445
5951025881431872210
2133536574792778374
1081835845589117270
4860649031225193157
911209533876007902
11373134634621066367
17959585297297803883
11718082564740377193
12157621621116190332
215496270296900029
2825754852959404972
13517543267546743310
16430089175638091824
6244329485379148406
12989252044303973669
4943823095141913084
533157888342093304
4323073673800379745
14725057069446177150
17388390325787311269
15175747604274518749
7623138972641728942
486703415260837775
9692055743916376026
110007702690943093
9896187380747853615
17854102580486719902
5128780079818597753
13019361032964617370
4975853834029748063
6314211070820879992
3854004469877838219
9054255203268055724
9434271753799024905
3038713801910554976
8860116423618291150
18241170810169816184
1548222923854734331
15069639268540506564
4446734017273525795
8840568670808268702
16912994171147827157
7400097094763970020
16137965487285755978
8019918646915016724
16940049534116110388
4854898566992298477
7544331657845338091
7422664280299015443
14834114948690399589
9050854782829061332
18034789523450817871
9406170997193738324
15982770694249777981
